2.0, 1.0
|None|
1.0, 1.0
-1.5, 0.5
0.09, 0.82
1.0, 1.0
-2, -1
1.0, 0.0
0, 0
2, 2
0.50, 1.00
|None|
|None|
1. Valence score: +1, Arousal score: +1
-1.33, 1.33
0.00, 0.00
2.0, 1.0
-1.0, 0.5
-1.33, 0.00
1.0, 1.0
-0.2, 0.0
0.0, 0.0
1. Valence score: 1.5
-2, -1.5
2, 2
valence_score: 0, arousal_score: 0
1, 2
- Text 55: -1.5, 0.5
-1.5, 0.5
-1.5, 1.5
(1.6, 0.6)
2.0, 1.0
0.50, 0.50
0.0, 0.0
0.0, 0.0
2.5, 1.0
-1.5, 0.25
- Text 3: Valence: -2, Arousal: 0.5
-0.54, 0.58
2.0, 1.0
0.0, 0.0
0.33, 1.33
-2, 1.5
0.00, 1.00
1. Valence score: 1.5, 2.0, 2.0, 2.0, 0.0
(2 + 1 + 2 + 1 + 2) / 5 = 1.6, (2 + 0 + 0 + 0 + 2) / 5 = 0.8
-0.5, 0.0
-0.11, 0.84
-1.0, 0.0
2.0, 0.0
- Text 6: valence_score: 0, arousal_score: 1
2.0, 0.0
2.0, 1.0
(1, 0)
- For Text 6, 7, 8: valence_score: -2, arousal_score: 0
0, 0
(0, 0)
-0.5, 0.0
1. Valence score: +2, Arousal score: +1
-0.40, 1.40
0.0, 0.0
1, 0.375
-1, -1
-1.00, 0.75
2.0, 0.0
(0.58, 1.17)
(1.29, 1.57)
- Text 11: valence_score: +2, arousal_score: 0
0.75, 0.4
-0.5, 1.0
(1.75, 1.0)
0.5, 1.5
+1.5, +1.0
-0.71, 0.14
-3.0, 1.5
0.62, 0.62
-3, 0
-0.5, -0.375
-2.0, 1.0
-0.5, 0.5
1.25, 0.00
0.29, 0.43
-0.56, 0.88
-1.43, 0.43
-1.125, -0.375
-1.5, 1.0
2.0, 1.0
2.5, 1.0
-2, 0
-2, 0
1. Valence score: 1.0, 2.0, 0.0, 1.0, 1.0, 1.0, 1.0, 0.0, 1.0, 1.0
valence_score, arousal_score
0, 0.42
1.0, 1.0
0.0, 0.0
0.05, 1.00
-0.50, 0.83
(0.22, 0.89)
- Text 8: valence_score: +2, arousal_score: -1
(1, 0.6)
(0.2, 0.7)
2.0, 1.5
-0.57, 0.71
(2 + 2 + 2 + 2 + 1 + 1 + 1) / 7 = 1.57, (1 + 2 + 2 + 1 - 1 - 1) / 7 = 0.57
0.0, 0.0
1. Valence score: 1.5, 2.0
2.0, 0.5
- Valence score: 0.33
0.0, 0.0
(0.40, 0.70)
0.0, 0.0
- Text 7: Valence: -0.5, Arousal: 1.5
(0.9, 1.0)
valence_score: -0.2, arousal_score: 0.8
(0.5, 0.9)
1. Valence score: 0.5 (slightly positive)
(1.62, 0.12)
-4, 2
-1.5, 0.5
1.5, 1.0
-0.78, 1.11
(1, 1), (-2, -1), (1, 1), (0, 1), (2, 0), (0, 1), (2, 0)
-2, -1
-1.5, 0.5
2.0, 1.0
1.5, 1.0
-1.00, 0.00
-0.25, 0.00
(0.09, 0.64)
0, 0
1. Valence score: 0.67, Arousal score: 0.67
-1.5, 0.5
1. Valence score: 0.5
1.0, 0.0
-0.10, 1.00
0.5, 0.5
0.00, 0.00
